14888888888888889
999999999999999
8999999999999997
9999999999999996
143999999999999951
14888888888888889
9999999999999996
16
14
9

14888888888888889
999999999999999
8999999999999997
9999999999999996
143999999999999952
14888888888888889
9999999999999996
16
15
6

14888888888888889
999999999999999
8999999999999998
9999999999999997
143999999999999953
14888888888888889
9999999999999997
16
0
9

14888888888888889
999999999999999
8999999999999998
9999999999999997
143999999999999954
14888888888888889
9999999999999997
16
1
9

14888888888888889
999999999999999
8999999999999998
9999999999999997
143999999999999955
14888888888888889
9999999999999997
16
2
9

14888888888888889
999999999999999
8999999999999998
9999999999999997
143999999999999956
14888888888888889
9999999999999997
16
3
9

14888888888888889
999999999999999
8999999999999998
9999999999999997
143999999999999957
14888888888888889
9999999999999997
16
4
9

14888888888888889
999999999999999
8999999999999998
9999999999999997
143999999999999958
14888888888888889
9999999999999997
16
5
9

14888888888888889
999999999999999
8999999999999998
9999999999999997
143999999999999959
14888888888888889
9999999999999997
16
6
9

14888888888888889
999999999999999
8999999999999998
9999999999999997
143999999999999960
14888888888888889
9999999999999997
16
7
9

14888888888888889
999999999999999
8999999999999998
9999999999999997
143999999999999961
14888888888888889
9999999999999997
16
8
9

14888888888888889
999999999999999
8999999999999998
9999999999999997
143999999999999962
14888888888888889
9999999999999997
16
9
9

14888888888888889
999999999999999
8999999999999998
9999999999999997
143999999999999963
14888888888888889
9999999999999997
16
10
9

14888888888888889
999999999999999
8999999999999998
9999999999999997
143999999999999964
14888888888888889
9999999999999997
16
11
9

14888888888888889
999999999999999
8999999999999998
9999999999999997
143999999999999965
14888888888888889
9999999999999997
16
12
9

14888888888888889
999999999999999
8999999999999998
9999999999999997
143999999999999966
14888888888888889
9999999999999997
16
13
9

14888888888888889
999999999999999
8999999999999998
9999999999999997
143999999999999967
14888888888888889
9999999999999997
16
14
9

14888888888888889
999999999999999
8999999999999998
9999999999999997
143999999999999968
14888888888888889
9999999999999997
16
15
7

14888888888888889
999999999999999
8999999999999999
9999999999999998
143999999999999969
14888888888888889
9999999999999998
16
0
9

14888888888888889
999999999999999
8999999999999999
9999999999999998
143999999999999970
14888888888888889
9999999999999998
16
1
9

14888888888888889
999999999999999
8999999999999999
9999999999999998
143999999999999971
14888888888888889
9999999999999998
16
2
9

14888888888888889
999999999999999
8999999999999999
9999999999999998
143999999999999972
14888888888888889
9999999999999998
16
3
9

14888888888888889
999999999999999
8999999999999999
9999999999999998
143999999999999973
14888888888888889
9999999999999998
16
4
9

14888888888888889
999999999999999
8999999999999999
9999999999999998
143999999999999974
14888888888888889
9999999999999998
16
5
9

14888888888888889
999999999999999
8999999999999999
9999999999999998
143999999999999975
14888888888888889
9999999999999998
16
6
9

14888888888888889
999999999999999
8999999999999999
9999999999999998
143999999999999976
14888888888888889
9999999999999998
16
7
9

14888888888888889
999999999999999
8999999999999999
9999999999999998
143999999999999977
14888888888888889
9999999999999998
16
8
9

14888888888888889
999999999999999
8999999999999999
9999999999999998
143999999999999978
14888888888888889
9999999999999998
16
9
9

14888888888888889
999999999999999
8999999999999999
9999999999999998
143999999999999979
14888888888888889
9999999999999998
16
10
9

14888888888888889
999999999999999
8999999999999999
9999999999999998
143999999999999980
14888888888888889
9999999999999998
16
11
9

14888888888888889
999999999999999
8999999999999999
9999999999999998
143999999999999981
14888888888888889
9999999999999998
16
12
9

14888888888888889
999999999999999
8999999999999999
9999999999999998
143999999999999982
14888888888888889
9999999999999998
16
13
9

14888888888888889
999999999999999
8999999999999999
9999999999999998
143999999999999983
14888888888888889
9999999999999998
16
14
9

14888888888888889
999999999999999
8999999999999999
9999999999999998
143999999999999984
14888888888888889
9999999999999998
16
15
8

14888888888888889
999999999999999
9000000000000000
9999999999999999
143999999999999985
14888888888888889
9999999999999999
16
0
9

14888888888888889
999999999999999
9000000000000000
9999999999999999
143999999999999986
14888888888888889
9999999999999999
16
1
9

14888888888888889
999999999999999
9000000000000000
9999999999999999
143999999999999987
14888888888888889
9999999999999999
16
2
9

14888888888888889
999999999999999
9000000000000000
9999999999999999
143999999999999988
14888888888888889
9999999999999999
16
3
9

14888888888888889
999999999999999
9000000000000000
9999999999999999
143999999999999989
14888888888888889
9999999999999999
16
4
9

14888888888888889
999999999999999
9000000000000000
9999999999999999
143999999999999990
14888888888888889
9999999999999999
16
5
9

14888888888888889
999999999999999
9000000000000000
9999999999999999
143999999999999991
14888888888888889
9999999999999999
16
6
9

14888888888888889
999999999999999
9000000000000000
9999999999999999
143999999999999992
14888888888888889
9999999999999999
16
7
9

14888888888888889
999999999999999
9000000000000000
9999999999999999
143999999999999993
14888888888888889
9999999999999999
16
8
9

14888888888888889
999999999999999
9000000000000000
9999999999999999
143999999999999994
14888888888888889
9999999999999999
16
9
9

14888888888888889
999999999999999
9000000000000000
9999999999999999
143999999999999995
14888888888888889
9999999999999999
16
10
9

14888888888888889
999999999999999
9000000000000000
9999999999999999
143999999999999996
14888888888888889
9999999999999999
16
11
9

14888888888888889
999999999999999
9000000000000000
9999999999999999
143999999999999997
14888888888888889
9999999999999999
16
12
9

14888888888888889
999999999999999
9000000000000000
9999999999999999
143999999999999998
14888888888888889
9999999999999999
16
13
9

14888888888888889
999999999999999
9000000000000000
9999999999999999
143999999999999999
14888888888888889
9999999999999999
16
14
9

14888888888888889
999999999999999
9000000000000000
9999999999999999
144000000000000000
14888888888888889
9999999999999999
16
15
9

158888888888888889
9999999999999999
1
10000000000000000
1
158888888888888889
10000000000000000
17
0
1

158888888888888889
9999999999999999
1
10000000000000000
2
158888888888888889
10000000000000000
17
1
0

158888888888888889
9999999999999999
1
10000000000000000
3
158888888888888889
10000000000000000
17
2
0

158888888888888889
9999999999999999
1
10000000000000000
4
158888888888888889
10000000000000000
17
3
0

158888888888888889
9999999999999999
1
10000000000000000
5
158888888888888889
10000000000000000
17
4
0

158888888888888889
9999999999999999
1
10000000000000000
6
158888888888888889
10000000000000000
17
5
0

158888888888888889
9999999999999999
1
10000000000000000
7
158888888888888889
10000000000000000
17
6
0

158888888888888889
9999999999999999
1
10000000000000000
8
158888888888888889
10000000000000000
17
7
0

158888888888888889
9999999999999999
1
10000000000000000
9
158888888888888889
10000000000000000
17
8
0

158888888888888889
9999999999999999
1
10000000000000000
10
158888888888888889
10000000000000000
17
9
0

158888888888888889
9999999999999999
1
10000000000000000
11
158888888888888889
10000000000000000
17
10
0

158888888888888889
9999999999999999
1
10000000000000000
12
158888888888888889
10000000000000000
17
11
0

158888888888888889
9999999999999999
1
10000000000000000
13
158888888888888889
10000000000000000
17
12
0

158888888888888889
9999999999999999
1
10000000000000000
14
158888888888888889
10000000000000000
17
13
0

158888888888888889
9999999999999999
1
10000000000000000
15
158888888888888889
10000000000000000
17
14
0

158888888888888889
9999999999999999
1
10000000000000000
16
158888888888888889
10000000000000000
17
15
0

158888888888888889
9999999999999999
1
10000000000000000
17
158888888888888889
10000000000000000
17
16
0

158888888888888889
9999999999999999
2
10000000000000001
18
158888888888888889
10000000000000001
17
0
1

158888888888888889
9999999999999999
2
10000000000000001
19
158888888888888889
10000000000000001
17
1
0

158888888888888889
9999999999999999
2
10000000000000001
20
158888888888888889
10000000000000001
17
2
0

158888888888888889
9999999999999999
2
10000000000000001
21
158888888888888889
10000000000000001
17
3
0

158888888888888889
9999999999999999
2
10000000000000001
22
158888888888888889
10000000000000001
17
4
0

158888888888888889
9999999999999999
2
10000000000000001
23
158888888888888889
10000000000000001
17
5
0

158888888888888889
9999999999999999
2
10000000000000001
24
158888888888888889
10000000000000001
17
6
0

158888888888888889
9999999999999999
2
10000000000000001
25
158888888888888889
10000000000000001
17
7
0

158888888888888889
9999999999999999
2
10000000000000001
26
158888888888888889
10000000000000001
17
8
0

158888888888888889
9999999999999999
2
10000000000000001
27
158888888888888889
10000000000000001
17
9
0

158888888888888889
9999999999999999
2
10000000000000001
28
158888888888888889
10000000000000001
17
10
0

158888888888888889
9999999999999999
2
10000000000000001
29
158888888888888889
10000000000000001
17
11
0

158888888888888889
9999999999999999
2
10000000000000001
30
158888888888888889
10000000000000001
17
12
0

158888888888888889
9999999999999999
2
10000000000000001
31
158888888888888889
10000000000000001
17
13
0

158888888888888889
9999999999999999
2
10000000000000001
32
158888888888888889
10000000000000001
17
14
0

158888888888888889
9999999999999999
2
10000000000000001
33
158888888888888889
10000000000000001
17
15
0

158888888888888889
9999999999999999
2
10000000000000001
34
158888888888888889
10000000000000001
17
16
1

158888888888888889
9999999999999999
3
10000000000000002
35
158888888888888889
10000000000000002
17
0
1

158888888888888889
9999999999999999
3
10000000000000002
36
158888888888888889
10000000000000002
17
1
0

158888888888888889
9999999999999999
3
10000000000000002
37
158888888888888889
10000000000000002
17
2
0

158888888888888889
9999999999999999
3
10000000000000002
38
158888888888888889
10000000000000002
17
3
0

158888888888888889
9999999999999999
3
10000000000000002
39
158888888888888889
10000000000000002
17
4
0

158888888888888889
9999999999999999
3
10000000000000002
40
158888888888888889
10000000000000002
17
5
0

158888888888888889
9999999999999999
3
10000000000000002
41
158888888888888889
10000000000000002
17
6
0

158888888888888889
9999999999999999
3
10000000000000002
42
158888888888888889
10000000000000002
17
7
0

158888888888888889
9999999999999999
3
10000000000000002
43
158888888888888889
10000000000000002
17
8
0

158888888888888889
9999999999999999
3
10000000000000002
44
158888888888888889
10000000000000002
17
9
0

158888888888888889
9999999999999999
3
10000000000000002
45
158888888888888889
10000000000000002
17
10
0

158888888888888889
9999999999999999
3
10000000000000002
46
158888888888888889
10000000000000002
17
11
0

158888888888888889
9999999999999999
3
10000000000000002
47
158888888888888889
10000000000000002
17
12
0

158888888888888889
9999999999999999
3
10000000000000002
48
158888888888888889
10000000000000002
17
13
0

158888888888888889
9999999999999999
3
10000000000000002
49
158888888888888889
10000000000000002
17
14
0

