1
hi1
0

0 2 0

0 1 0

hi3
0

0 2 0

0 1 0

hi1
1

0 4 0

0 1 0
1 3 1

hi2
0 4 1

0 3 1

hi3
1

0 4 1

0 3 1

hi1
2

0 10 1

0 3 1
1 9 2

hi2
0 10 2

0 9 2

hi3
2

0 10 2

0 9 2

hi1
3

0 10 2
1 7 3

0 5 2

hi2
0 7 3

0 5 3

hi2


hi3
3



3 1 

2
hi1
0

0 2 0

0 1 0

hi3
0

0 2 0

0 1 0

hi1
1

0 4 0

0 1 0
1 3 1

hi2
0 4 1

0 3 1

hi3
1

0 4 1

0 3 1

hi1
2

0 10 1

0 3 1
1 9 2

hi2
0 10 2

0 9 2

hi3
2

0 10 2

0 9 2

hi1
3

0 10 2
1 7 3

0 5 2

hi2
0 7 3

0 5 3

hi3
3

0 7 3

0 5 3

hi1
4

0 7 3

0 4 3

hi2
0 7 4

0 4 4

hi2


hi3
4



4 2 

4
hi1
0

0 2 0

0 1 0

hi3
0

0 2 0

0 1 0

hi1
1

0 4 0

0 1 0
1 3 1

hi3
1

0 4 0

0 1 0
1 3 1

hi1
2

0 10 0

0 1 0
1 3 1
2 9 2

hi2
0 10 1

0 3 1
1 9 2

hi2
0 10 2

0 9 2

hi3
2

0 10 2

0 9 2

hi1
3

0 10 2
1 7 3

0 5 2

hi2
0 7 3

0 5 3

hi3
3

0 7 3

0 5 3

hi1
4

0 7 3

0 4 3

hi3
4

0 7 3

0 4 3

hi1
5

0 8 3

0 4 3
1 6 5

hi3
5

0 8 3

0 4 3
1 6 5

10 4 

8
hi1
0

0 2 0

0 1 0

hi3
0

0 2 0

0 1 0

hi1
1

0 4 0

0 1 0
1 3 1

hi3
1

0 4 0

0 1 0
1 3 1

hi1
2

0 10 0

0 1 0
1 3 1
2 9 2

hi2
0 10 1

0 3 1
1 9 2

hi3
2

0 10 1

0 3 1
1 9 2

hi1
3

0 10 1
1 7 3

0 3 1
1 5 2

hi3
3

0 10 1
1 7 3

0 3 1
1 5 2

hi1
4

0 10 1
1 7 3

0 3 1
1 4 2

hi3
4

0 10 1
1 7 3

0 3 1
1 4 2

hi1
5

0 10 1
1 8 3

0 3 1
1 4 2
2 6 5

hi3
5

0 10 1
1 8 3

0 3 1
1 4 2
2 6 5

17 8 

16
hi1
0

0 2 0

0 1 0

hi3
0

0 2 0

0 1 0

hi1
1

0 4 0

0 1 0
1 3 1

hi3
1

0 4 0

0 1 0
1 3 1

hi1
2

0 10 0

0 1 0
1 3 1
2 9 2

hi3
2

0 10 0

0 1 0
1 3 1
2 9 2

hi1
3

0 10 0
1 7 3

0 1 0
1 3 1
2 5 2

hi3
3

0 10 0
1 7 3

0 1 0
1 3 1
2 5 2

hi1
4

0 10 0
1 7 3

0 1 0
1 3 1
2 4 2

hi3
4

0 10 0
1 7 3

0 1 0
1 3 1
2 4 2

hi1
5

0 10 0
1 8 3

0 1 0
1 3 1
2 4 2
3 6 5

hi3
5

0 10 0
1 8 3

0 1 0
1 3 1
2 4 2
3 6 5

21 16 

12
hi1
0

0 2 0

0 1 0

hi3
0

0 2 0

0 1 0

hi1
1

0 4 0

0 1 0
1 3 1

hi3
1

0 4 0

0 1 0
1 3 1

hi1
2

0 10 0

0 1 0
1 3 1
2 9 2

hi3
2

0 10 0

0 1 0
1 3 1
2 9 2

hi1
3

0 10 0
1 7 3

0 1 0
1 3 1
2 5 2

hi3
3

0 10 0
1 7 3

0 1 0
1 3 1
2 5 2

hi1
4

0 10 0
1 7 3

0 1 0
1 3 1
2 4 2

hi3
4

0 10 0
1 7 3

0 1 0
1 3 1
2 4 2

hi1
5

0 10 0
1 8 3

0 1 0
1 3 1
2 4 2
3 6 5

hi3
5

0 10 0
1 8 3

0 1 0
1 3 1
2 4 2
3 6 5

21 12 

10
hi1
0

0 2 0

0 1 0

hi3
0

0 2 0

0 1 0

hi1
1

0 4 0

0 1 0
1 3 1

hi3
1

0 4 0

0 1 0
1 3 1

hi1
2

0 10 0

0 1 0
1 3 1
2 9 2

hi3
2

0 10 0

0 1 0
1 3 1
2 9 2

hi1
3

0 10 0
1 7 3

0 1 0
1 3 1
2 5 2

hi3
3

0 10 0
1 7 3

0 1 0
1 3 1
2 5 2

hi1
4

0 10 0
1 7 3

0 1 0
1 3 1
2 4 2

hi3
4

0 10 0
1 7 3

0 1 0
1 3 1
2 4 2

hi1
5

0 10 0
1 8 3

0 1 0
1 3 1
2 4 2
3 6 5

hi3
5

0 10 0
1 8 3

0 1 0
1 3 1
2 4 2
3 6 5

21 10 

9
hi1
0

0 2 0

0 1 0

hi3
0

0 2 0

0 1 0

hi1
1

0 4 0

0 1 0
1 3 1

hi3
1

0 4 0

0 1 0
1 3 1

hi1
2

0 10 0

0 1 0
1 3 1
2 9 2

hi3
2

0 10 0

0 1 0
1 3 1
2 9 2

hi1
3

0 10 0
1 7 3

0 1 0
1 3 1
2 5 2

hi3
3

0 10 0
1 7 3

0 1 0
1 3 1
2 5 2

hi1
4

0 10 0
1 7 3

0 1 0
1 3 1
2 4 2

hi3
4

0 10 0
1 7 3

0 1 0
1 3 1
2 4 2

hi1
5

0 10 0
1 8 3

0 1 0
1 3 1
2 4 2
3 6 5

hi3
5

0 10 0
1 8 3

0 1 0
1 3 1
2 4 2
3 6 5

21 9 

8
hi1
0

0 2 0

0 1 0

hi3
0

0 2 0

0 1 0

hi1
1

0 4 0

0 1 0
1 3 1

hi3
1

0 4 0

0 1 0
1 3 1

hi1
2

0 10 0

0 1 0
1 3 1
2 9 2

hi2
0 10 1

0 3 1
1 9 2

hi3
2

0 10 1

0 3 1
1 9 2

hi1
3

0 10 1
1 7 3

0 3 1
1 5 2

hi3
3

0 10 1
1 7 3

0 3 1
1 5 2

hi1
4

0 10 1
1 7 3

0 3 1
1 4 2

hi3
4

0 10 1
1 7 3

0 3 1
1 4 2

hi1
5

0 10 1
1 8 3

0 3 1
1 4 2
2 6 5

hi3
5

0 10 1
1 8 3

0 3 1
1 4 2
2 6 5

17 8 

9
hi1
0

0 2 0

0 1 0

hi3
0

0 2 0

0 1 0

hi1
1

0 4 0

0 1 0
1 3 1

hi3
1

0 4 0

0 1 0
1 3 1

hi1
2

0 10 0

0 1 0
1 3 1
2 9 2

hi3
2

0 10 0

0 1 0
1 3 1
2 9 2

hi1
3

0 10 0
1 7 3

0 1 0
1 3 1
2 5 2

hi3
3

0 10 0
1 7 3

0 1 0
1 3 1
2 5 2

hi1
4

0 10 0
1 7 3

0 1 0
1 3 1
2 4 2

hi3
4

0 10 0
1 7 3

0 1 0
1 3 1
2 4 2

hi1
5

0 10 0
1 8 3

0 1 0
1 3 1
2 4 2
3 6 5

hi3
5

0 10 0
1 8 3

0 1 0
1 3 1
2 4 2
3 6 5

21 9 

9
