710
5 3 6056
2538 4297 3381 2963 582 674 5811 2947 
3 1 1118
852 844 147 405 
10 5 793
556 481 418 557 546 163 298 489 284 235 638 498 231 325 701 
3 1 2190
1956 2147 1910 2069 
10 4 2160
682 1398 1650 567 239 1194 1281 960 877 418 330 1273 457 1380 
7 2 4826
403 953 1900 703 1891 680 60 2042 2007 
2 3 7869
3135 6319 1846 1538 7349 
2 6 6186
6071 5057 4878 3745 5961 4582 1989 5911 
4 4 4578
1326 2582 4016 3926 4496 2918 3479 3263 
7 1 2440
1227 1809 660 457 696 1974 1433 1469 
10 6 2502
239 610 2105 2441 334 1029 188 1489 2135 1752 2455 308 1099 1590 508 56 
4 3 1317
663 316 512 281 458 597 816 
2 3 378
18 294 346 219 331 
4 4 1815
1654 757 1268 6 564 536 491 210 
8 1 9460
8553 5217 2472 7296 6755 6997 1380 1547 4561 
1 4 5598
3056 5305 2461 2337 736 
2 2 1103
507 1088 739 91 
8 2 9794
5366 7143 3508 9158 8956 7272 3992 8858 3368 5674 
5 2 3840
233 305 3634 528 931 1187 3007 
4 9 9229
4247 6826 3355 7063 2356 2787 1151 8207 6976 5576 6205 4944 1472 
7 9 7330
6002 6971 6853 5801 6805 3256 267 5516 7113 6012 6573 3343 6244 7207 2515 5150 
7 4 8307
4838 663 690 1999 2077 6989 3273 2462 6897 6926 4161 
4 5 6416
3609 1831 1730 6093 3229 1914 4298 3011 5666 
5 4 8625
5829 455 2220 3376 7376 5412 781 1545 4073 
4 3 4518
2546 4444 3185 1071 3955 668 2475 
4 3 9893
8745 9579 4570 385 4055 4490 1224 
10 5 230
135 31 133 218 218 169 20 186 162 49 44 185 90 6 63 
6 8 5441
2068 1675 1247 3279 1667 2261 4172 214 5110 338 1600 2536 2010 5202 
8 7 1529
1194 62 1283 1359 23 818 359 1510 761 908 450 579 1213 912 708 
3 3 5528
2696 219 2294 1816 4853 2218 
9 2 3554
1812 227 2531 1826 2111 1202 3461 956 1578 3549 526 
9 7 7949
4723 6018 2348 2366 5915 1893 2703 3694 6259 3094 4561 7588 7216 659 7525 5613 
10 1 2232
1005 810 653 844 825 1810 160 1047 1558 780 653 
10 2 3124
1415 1884 1037 2680 2915 297 708 2708 495 2739 1163 271 
10 9 9232
3180 2024 7241 7828 1010 6289 1076 5875 7020 3848 5895 4589 7422 6366 1484 3919 651 2175 5260 
3 4 3833
3367 1479 1274 2260 459 892 3305 
5 3 5534
5235 3939 2830 3061 1318 5456 2490 680 
9 6 7602
6717 4030 2818 2162 6722 1103 4567 6026 1078 4845 637 5793 6806 1726 3226 
2 5 7190
6573 6615 7142 3743 4823 3125 6336 
4 3 7028
146 4561 3918 4410 2324 503 2900 
2 2 9540
4374 6762 3231 4827 
4 9 7812
7426 4729 292 6422 6005 1444 5952 7123 6349 1134 4212 4977 6884 
7 3 7545
278 414 2264 5484 1353 4994 2317 1600 3197 4278 
6 5 497
483 441 88 73 385 266 111 415 355 325 431 
3 8 3792
3788 3285 3112 1527 1604 3148 1362 3567 2054 2749 3279 
10 3 4957
3959 1207 1138 2991 2702 48 405 245 2076 1597 4707 2131 2691 
1 9 5786
616 1784 5473 313 2017 805 4329 1555 5191 2554 
1 9 4498
1905 4473 3007 2702 2267 3554 1947 2784 3168 852 
2 9 994
317 949 61 237 569 613 246 808 993 236 675 
10 1 5759
658 443 4857 1170 3054 2954 1964 3794 3282 2449 3231 
7 6 3085
3082 1546 231 2839 1989 1747 1829 2476 1973 456 1212 937 2235 
5 6 4814
2492 3385 1485 22 58 1149 2129 1061 3774 3361 4066 
8 6 803
506 732 621 228 732 791 213 175 431 630 182 66 758 592 
10 9 9151
2045 2418 2717 4036 4982 2676 2397 4256 5592 1301 7408 5207 2778 5534 3824 3689 4256 6088 7429 
2 5 8123
6614 5296 6872 2689 3502 2138 552 
6 1 7502
6672 4965 369 4316 4150 1869 6540 
1 5 9536
4463 5290 2587 7532 284 8282 
3 1 7209
7099 565 1126 3928 
6 8 1565
417 1389 928 236 1368 305 556 1408 229 1092 353 96 1020 906 
3 7 964
636 868 885 799 695 134 51 76 885 752 
3 7 2247
556 121 2202 426 1098 1438 1401 1603 1651 1028 
8 1 1830
1419 590 1664 1811 1559 441 1513 1043 1337 
2 4 3120
2896 1825 1477 3105 2704 1707 
6 1 7523
3324 4330 3102 1375 2683 4584 1284 
10 9 1202
211 575 1034 516 874 1093 971 370 256 1026 449 521 194 409 230 944 1098 1169 944 
4 9 2144
1626 788 98 1870 2141 209 270 1314 1718 91 453 1587 903 
5 2 9521
5767 1222 7430 7551 3486 4780 7636 
10 1 1008
945 376 113 171 790 57 881 517 796 587 253 
3 3 3300
1312 3288 1681 2050 2550 59 
9 4 7632
6794 6588 3780 5419 5091 5604 3240 385 5980 3573 2877 884 4713 
4 2 1130
141 811 996 671 375 599 
3 8 4884
765 703 2071 458 1197 4117 3030 1723 2420 649 2 
7 1 2236
372 326 1718 2147 1460 2129 1458 646 
8 9 3073
609 2395 1534 784 764 2327 96 255 1021 499 1235 2498 414 607 2851 2079 2721 
8 10 453
418 252 394 171 111 69 140 388 95 60 198 52 191 293 133 114 198 113 
9 8 695
74 444 418 72 530 506 57 681 127 175 468 65 398 257 694 646 78 
1 1 8333
3188 3163 
9 10 2765
139 2612 909 58 78 819 2589 632 1728 2025 2534 2234 734 1493 910 1152 823 2654 723 
10 3 47
45 20 5 13 22 34 3 8 7 40 41 27 3 
2 7 5768
1723 3092 1974 123 2234 1234 2272 985 2095 
10 8 2038
883 1997 1347 275 710 493 1975 1470 473 1498 2024 1508 1598 333 504 1281 1221 1652 
8 8 1652
92 948 1183 446 1323 1188 185 254 189 585 825 1172 1169 778 865 716 
7 1 6739
747 2220 4578 551 2898 6598 6433 5943 
9 9 7463
4984 2135 964 1343 6315 192 2212 6708 1060 4193 2159 5228 4359 6452 1213 1332 1030 6095 
10 6 9478
700 8073 8832 8936 1000 8322 3039 4694 5789 3844 7955 8081 4738 2118 3458 1411 
4 1 8433
2519 1649 6048 2984 4878 
8 10 8130
5509 6455 6424 7385 6383 1704 4959 224 98 1615 3943 6951 2601 6343 2732 223 732 5745 
1 3 5243
2798 2963 4466 4354 
7 2 8951
1977 7320 6053 2786 1773 6995 6554 1096 1237 
2 9 828
312 265 738 645 484 249 632 486 408 326 752 
10 9 9251
3578 1308 6566 4488 1799 7109 6364 6647 1903 5174 4905 6937 8439 4645 7966 5204 3360 2846 278 
3 10 9207
2186 3717 7920 6350 4987 5631 5704 2259 4962 1532 2427 4391 4024 
7 8 2425
1479 355 1950 417 1062 152 1168 1074 813 259 214 346 913 2047 444 
5 1 2336
2285 1306 1748 8 200 515 
7 9 1829
602 1779 1718 49 181 328 1444 1756 1766 569 1378 594 1610 51 970 1081 
7 5 6084
1619 4561 5379 4196 4646 3692 2940 1142 3843 5316 6053 4030 
7 2 9887
6180 525 68 2827 3975 5871 8967 8555 6669 
10 3 5230
1678 4575 2936 1008 3139 4056 416 5096 3080 4974 3319 3341 934 
9 2 4810
4098 2902 4124 1079 2707 652 3091 1544 1016 2111 419 
1 6 887
146 183 600 76 207 502 137 
1 1 5348
3735 4295 
6 8 8414
6474 4492 8061 3475 5259 5769 2942 924 6972 3654 4017 2329 7689 3530 
4 10 3801
1129 1256 3332 1044 306 271 3062 3724 1291 904 3518 1017 2154 3708 
7 1 309
36 102 216 3 38 101 13 189 
2 8 4309
2878 1382 1014 3443 3064 403 352 3113 2612 3584 
2 8 8660
4422 628 7167 2659 4799 6469 7890 102 5402 5462 
1 1 2954
1972 649 
9 1 2499
1100 976 352 2101 430 1513 270 2293 1573 510 
6 4 4782
3865 4356 2519 790 737 4024 2890 1590 3554 2433 
7 8 6765
6209 465 1543 1725 4700 876 1822 4023 1816 5994 1154 1271 269 715 1189 
7 1 5219
5186 4771 4742 3974 1026 3967 5213 892 
7 6 2854
1283 2248 2005 906 2811 2198 1780 1052 1739 1663 1857 2095 486 
1 1 4913
1391 1239 
6 8 3807
462 3433 923 1674 1937 887 1458 515 1503 2867 2883 2341 1233 2723 
4 4 1410
1397 266 843 1086 513 691 503 634 
1 10 9990
4959 718 5200 9029 1177 5784 4831 2584 5617 9059 5425 
2 8 3875
2223 633 76 2609 2931 19 391 2913 422 3384 
3 9 840
154 441 242 351 91 747 375 81 1 303 211 499 
3 5 7187
3131 3205 76 4088 936 6092 871 4488 
7 2 7921
6654 2841 5151 5712 1081 234 5011 1827 3876 
2 7 123
47 118 52 49 20 58 77 67 48 
7 1 2586
256 733 882 241 879 333 958 106 
9 5 6998
991 3911 156 1949 4424 6654 5205 1581 448 4302 4178 6502 2653 2043 
3 6 7710
4593 5340 598 4475 6267 5607 1656 762 7423 
1 7 1064
77 525 1019 175 525 1030 259 919 
8 6 6737
3090 3079 3506 249 5966 1100 4970 5904 5981 724 525 3101 2516 2769 
3 8 9444
9275 814 795 2584 5076 3645 7011 8659 3580 8236 7515 
4 10 6578
891 1473 3343 3795 3631 6126 2457 3045 472 3676 384 5387 4870 727 
1 6 5951
5809 1083 1974 1691 1501 5805 3728 
6 1 2262
642 1232 368 1956 2007 1308 1691 
3 8 7910
990 4439 2369 6093 2539 7216 1973 4028 776 5076 3441 
2 5 19
3 2 19 8 10 14 8 
9 3 3543
493 69 445 464 1693 2076 3143 1016 1248 1693 3129 897 
9 5 6687
352 5648 2855 4117 2216 3586 5976 1551 5313 2302 4300 4329 4366 1894 
1 5 3409
1370 2298 1074 3119 408 453 
2 3 7624
6090 5771 4684 7523 5372 
3 7 8719
2887 6515 5763 5144 2001 5280 7050 3637 8223 6820 
6 5 522
168 119 365 394 184 99 246 479 73 312 404 
2 7 147
42 57 64 25 132 40 56 40 131 
7 3 4132
3673 2996 2802 3541 3320 1589 849 3384 3012 1293 
9 7 2547
2383 345 495 1639 1113 2075 971 685 2058 536 2533 1246 930 403 1495 1131 
7 6 5673
4078 1416 4545 3276 260 1269 1524 371 4404 5604 5003 1980 1667 
7 7 2121
1574 493 1248 709 2078 1745 241 1088 671 1142 1093 1524 1708 1647 
6 10 176
105 158 159 126 70 74 139 158 95 9 34 47 147 104 131 46 
8 3 6752
5302 3680 4375 1512 4032 6167 2203 6192 1755 4604 561 
2 7 5427
2287 1013 3765 2707 5007 4452 1292 4965 419 
4 10 8040
6888 3691 5110 5100 1610 3222 4595 2872 3085 460 5985 1111 2016 2742 
5 2 4955
1901 3154 3385 1071 4091 2176 3841 
3 1 3688
568 1248 1167 2119 
2 2 6951
6514 36 357 4319 
2 10 6330
5429 1360 2556 3197 2000 1796 4870 2734 1464 3006 4467 1716 
1 9 2396
1323 703 1045 2245 1974 360 949 259 918 266 
5 7 4547
3515 2103 1751 471 4038 577 1009 2202 4081 3283 858 1430 
10 1 9950
5582 7411 6881 1500 4133 8871 8707 6750 6292 5209 7783 
4 10 2975
1977 317 409 776 2620 2203 954 349 2449 2447 602 2253 2689 15 
7 7 9522
2108 4962 7688 9196 5861 9351 1366 2292 1735 4987 1248 8890 1030 2601 
9 1 6195
4211 5595 2933 1168 1095 2228 770 3193 3144 4402 
8 5 5164
170 1767 2221 3282 1635 3985 3479 746 2787 1656 2408 2935 4083 
4 10 5871
875 1510 181 4025 3817 2456 2917 1097 5598 4547 222 4994 2511 403 
10 8 6178
1220 2372 2449 1232 1611 21 4309 6052 1736 2157 698 1695 5677 5681 4619 5470 2367 4703 
9 10 1510
1181 1506 991 1465 1187 356 1021 438 721 625 88 991 112 39 976 1387 1421 1249 1503 
10 6 7660
2238 4350 4003 6 6043 7636 4239 412 2360 6447 7198 1111 6475 5001 1496 7624 
9 10 7194
4576 1567 3976 636 5948 2252 3925 6144 1040 1955 1238 1907 5149 5705 3961 7068 2729 1217 6250 
4 1 9914
7058 501 8180 7546 7260 
8 2 2029
1711 761 14 1234 1999 583 1254 1984 1283 557 
2 9 1055
46 496 977 464 378 361 270 406 716 549 830 
5 7 5544
4475 151 5005 4328 5416 1256 4399 4287 4812 49 645 5364 
4 4 7882
1508 5457 3474 3445 1185 3660 7689 722 
8 5 7616
5832 5803 2690 5614 6777 3238 5862 6590 886 6561 6927 1245 5028 
6 7 3158
1082 107 414 2557 1602 1889 2740 2654 2133 2024 2376 406 459 
3 7 5537
1573 5092 4843 5216 1734 4252 3158 2661 1328 958 
1 2 2418
172 576 1783 
7 2 4460
1315 985 848 3284 2852 2136 2586 2234 2095 
4 5 4239
1540 4183 1969 3923 1452 3740 2612 644 1291 
8 5 8483
6257 2840 387 1473 3927 5594 3506 4348 7807 3368 3616 7426 4516 
5 7 8765
3923 7239 810 3495 7509 5921 4300 4267 4335 237 3219 219 
4 4 916
196 69 67 581 163 725 772 623 
5 6 3512
2275 2221 1812 1558 2289 552 889 1969 2893 2779 2133 
10 7 331
205 102 320 38 157 298 313 284 196 25 319 126 148 300 29 118 41 
9 7 3739
2665 2016 3045 3109 2492 463 2814 801 639 423 2278 1810 2163 410 1460 610 
3 9 1196
846 699 188 1157 1048 870 956 1083 758 952 405 474 
1 7 7663
3883 2078 6664 3086 3121 7167 1139 4776 
6 4 6625
2759 5818 5950 4502 4162 432 1506 3023 3961 782 
6 9 8617
3754 2868 1402 1166 533 7129 771 3495 1192 256 2919 5246 5757 4485 3521 
10 3 5555
4795 3944 1518 4246 4828 1075 3459 3489 5022 4775 2862 3005 2681 
5 9 8368
2779 3750 4539 2627 3127 3460 3560 1599 1070 2594 720 182 3491 7174 
10 8 9258
6081 3856 6351 1807 5301 8940 8734 6607 3926 7722 8380 1393 3911 5744 6218 2500 8930 1306 
1 2 8728
6411 2584 1172 
8 3 9077
2710 6284 3789 5938 3548 2740 7211 3513 8815 240 2659 
2 2 5309
3656 4878 3154 3202 
5 3 1911
784 519 368 1223 1619 1799 527 775 
3 1 8438
3722 2709 4220 6319 
1 4 8703
6893 5101 3576 3835 6017 
5 10 3866
3860 2750 2847 1596 3756 2570 1974 1154 498 2317 2193 2320 2207 3395 2767 
8 4 9131
2169 2553 7474 1835 1917 4291 8707 7465 47 3974 4914 7030 
7 6 3561
3078 2780 947 2352 2140 2353 3195 2309 2733 970 2990 1299 2770 
3 1 4288
256 3766 3542 3914 
10 8 7303
2593 2270 195 4700 4420 3133 366 6316 1115 1076 227 1359 639 2028 1732 6693 6666 6884 
5 10 6097
1552 3783 5386 3505 4500 5372 1417 1182 5391 5533 236 5378 5701 4452 3445 
4 3 5971
4305 2589 4865 324 3413 3477 3339 
3 1 308
61 258 16 157 
4 2 7576
1787 4796 345 6883 1826 811 
6 6 5971
2994 1708 5399 4493 93 3475 4231 5915 5612 5564 1541 2418 
4 4 953
167 341 431 442 644 330 324 426 
5 3 7383
536 2474 1860 1293 4413 34 5303 2262 
8 4 5816
5229 1575 5145 5464 4537 2124 3701 3218 490 2012 4795 1531 
4 7 112
25 48 24 102 16 1 50 66 107 25 4 
1 3 3002
1990 2926 1983 1939 
5 8 4803
2463 2522 2321 4363 1254 3690 1909 4375 1090 4770 4141 2072 3949 
9 2 4601
4302 50 927 2070 2826 1322 2255 1200 2775 143 1473 
1 5 6876
6476 5942 4221 166 6643 971 
2 9 5845
2644 876 4292 2498 3710 824 2655 2809 1871 3217 3741 
7 3 8478
7518 3886 4909 760 3219 7960 2653 3995 505 2947 
1 3 5367
2500 4187 5312 2971 
8 4 9460
3227 4908 3805 7918 1058 1832 2770 4178 3329 51 3548 5052 
3 10 4780
3302 4575 3522 3018 560 2762 583 1760 3823 3612 4724 3840 2544 
10 6 3309
2793 2274 1403 1817 52 949 2922 2023 308 3004 1470 2394 2729 1753 1874 907 
3 7 3996
601 858 182 3124 1971 1359 1700 1818 722 1367 
7 2 5832
4556 4202 4504 5235 489 4165 3802 4522 3373 
9 5 9766
9166 6102 1703 5446 7527 4248 5274 7128 5651 8906 5986 1175 5745 647 
6 6 42
27 31 5 1 42 41 24 42 21 6 4 36 
5 4 3318
556 384 3237 219 2817 2938 1429 1455 3114 
1 8 7222
6696 4903 4563 679 5610 4321 425 7165 1611 
8 6 416
315 131 59 130 110 218 307 192 322 260 218 208 357 237 
5 8 4449
2936 1625 1320 2675 3808 822 3485 602 1704 736 900 3151 3462 
3 7 2337
2087 1931 130 1559 1522 751 1509 2078 1168 1647 
5 10 993
103 344 531 887 844 179 860 191 558 366 634 458 938 4 786 
6 3 2848
2598 1870 2433 590 2115 2072 107 375 1811 
9 9 8899
552 386 7193 3050 5785 4474 3671 1395 8218 1081 4395 4509 1160 1282 2141 3982 509 4196 
9 5 4567
1629 2952 908 3536 3357 2113 377 2540 4559 1124 317 4208 1351 2801 
6 10 9524
7755 4015 177 5730 2663 8235 8377 1522 7142 7391 6585 6693 2376 2832 4500 3211 
9 7 3930
1573 2266 1057 2546 2900 3048 3410 2982 339 893 2540 3308 1641 2137 2614 132 
2 9 1245
35 503 458 646 475 1051 759 1139 1046 1056 53 
5 3 8389
1487 3677 1675 6394 5400 4074 7443 3552 
9 7 133
29 60 61 105 60 79 75 54 116 66 109 99 125 45 110 46 
9 9 8104
6722 453 7612 759 3292 1092 4173 1832 3686 1881 7640 111 4913 3106 8055 5407 2413 2008 
5 5 8404
5207 2132 7600 3489 5461 3574 3536 4840 6557 7163 
5 2 5938
1993 5929 3493 1243 1241 5039 4943 
2 5 1558
118 657 1480 1105 20 419 1221 
2 6 2983
1576 395 2158 1293 1653 637 1497 1377 
7 3 3572
685 2249 1118 2160 1441 3464 1770 627 441 2839 
10 8 9280
8029 5189 353 7778 3613 6699 7534 2501 8615 446 4677 7725 6588 6456 8184 9105 8988 9195 
2 6 3746
2241 2163 1131 1333 1713 2888 690 2851 
6 8 3475
1022 1914 881 565 2005 1120 2456 377 1910 542 3254 967 3314 107 
4 1 9629
7011 6729 5759 8935 3113 
6 6 1111
1087 925 625 776 513 63 821 897 272 114 257 776 
2 9 1537
1248 113 103 438 349 1309 190 401 878 525 1362 
1 9 6350
2976 916 4222 4604 1866 6129 3160 1946 504 6252 
2 3 6848
3392 2189 1306 2810 1907 
3 1 986
48 115 725 504 
9 1 6435
6210 5526 2794 3191 3497 5136 5715 2423 5750 2623 
7 9 8755
7259 4568 2046 7518 84 5970 8288 4149 8475 2595 2785 7422 622 625 4026 2444 
8 2 3260
688 452 230 981 1774 186 1080 834 1207 893 
7 7 5954
4362 4076 2017 2035 367 5168 3477 5729 3667 1193 5187 3303 422 5295 
6 3 3654
642 1698 1494 1072 140 90 82 3647 932 
8 3 995
792 840 621 494 437 90 163 388 28 955 791 
6 8 2051
1692 200 1130 619 255 920 1626 323 120 879 1903 732 1441 1302 
5 10 5783
1108 2604 4288 4715 5462 3222 384 2562 5066 3342 4410 2681 1163 4695 1094 
6 1 879
607 611 768 704 259 305 719 
2 8 9232
1550 6068 5628 1438 8402 1704 1109 5381 3440 1003 
10 3 4322
2023 897 4089 650 2279 2719 2881 3679 2813 1542 1339 66 697 
10 1 6674
334 529 3687 1699 3891 223 1596 2111 4718 5131 5774 
9 8 5046
1962 128 2539 1612 11 3978 4721 1617 2219 1684 4442 4460 4186 4257 3950 434 3765 
10 2 3362
1835 2327 381 1499 301 3233 2124 2521 2300 567 2112 121 
4 7 8519
7989 1361 3064 6474 972 7390 1736 1273 8280 488 5897 
3 6 1876
1231 561 217 1868 175 999 344 177 95 
3 7 7716
4128 2253 397 3182 1224 7516 7648 5681 1002 4992 
8 8 6699
2934 2764 1920 1088 5569 5586 5485 1840 4818 514 3213 729 929 1801 5919 5767 
7 2 4220
4152 2156 3094 448 1355 4182 281 1370 2372 
4 7 6491
1373 4539 2930 2767 2378 2391 2174 6444 5170 1286 5739 
8 6 5935
3384 2455 1241 5442 5445 846 1872 5216 3008 600 1451 3893 4381 389 
5 2 5706
5323 2312 2685 2682 3604 1282 5664 
5 3 5493
1707 4421 615 5310 4892 3484 1566 3219 
4 6 4373
2417 4184 1222 289 1036 841 2661 1966 2669 675 
7 5 1219
726 1145 438 628 220 230 1207 336 985 841 522 354 
10 3 1458
158 224 287 1194 1008 689 710 852 762 1001 942 987 1233 
7 1 1638
99 142 1545 1572 1622 880 515 590 
7 2 5412
2259 4734 4797 4306 1006 663 1978 2555 5137 
9 6 9024
7780 519 5471 5588 1010 5913 7760 6472 2721 2631 7885 7432 7166 2743 5654 
5 3 9052
2498 7476 3881 2662 5025 2603 4292 2459 
8 8 1171
688 1162 349 258 702 935 267 198 346 461 937 480 283 695 1078 509 
2 10 9291
5422 6301 4185 964 154 2196 6364 1025 1301 8974 5746 3224 
10 5 8377
5371 7302 5469 4019 5793 5489 3483 1487 1540 965 6328 2549 3348 2149 2093 
8 9 8641
5091 4781 379 6396 6506 2079 5844 4018 2698 301 4187 2361 5060 7674 2958 1363 2947 
4 5 6219
4959 5286 1784 2441 17 3497 4301 2734 1298 
3 8 8270
812 6155 709 5905 8116 1376 2020 1554 5877 3811 5827 
3 10 3671
3388 2279 882 1443 596 137 3644 2228 1096 3269 3039 55 3559 
9 1 3273
71 78 1023 831 3 2661 290 3052 554 2653 
9 7 8549
15 5536 1328 1195 2720 6340 4035 3975 2785 7152 2521 581 6786 6010 3749 5027 
9 6 5656
3531 2325 3025 3492 253 119 1464 4894 2562 4451 4777 604 1105 5145 1047 
6 4 6432
1558 5895 776 3317 727 2172 4449 4874 1628 682 
6 8 3414
3147 1304 1948 388 513 931 660 3240 2277 2457 655 3090 1424 3140 
8 1 6961
105 2282 450 4688 952 4024 4644 6100 5479 
5 10 5844
3030 709 2011 5341 503 5816 4926 2667 4824 5246 3950 355 2552 5296 2181 
8 4 8534
8233 2466 5088 4507 7795 3951 5102 3596 5740 1214 436 6981 
2 1 2239
2130 1487 1449 
5 6 1213
201 1023 428 1207 609 625 794 681 308 1000 676 
5 8 9195
9082 2755 8444 974 5096 6527 1449 8792 6856 6618 8733 8015 5044 
1 4 2964
203 311 1490 164 2953 
8 2 3722
2708 2166 3029 1259 280 3594 1999 2657 1995 664 
1 10 2281
429 1018 753 348 1070 576 2068 1275 46 895 1373 
8 10 5
4 4 3 1 5 3 4 2 4 1 5 4 5 4 1 4 1 4 
10 8 8329
7050 7575 5713 4149 2321 1737 593 1398 8313 7303 3982 6220 387 6555 2077 765 5815 1586 
4 1 8072
6619 4092 912 8065 7215 
8 6 6662
4390 2002 3012 479 5592 2440 474 6072 1603 928 1250 4351 4137 1056 
5 8 6387
4567 3950 882 4489 5113 4656 5979 2436 4884 4426 590 1017 6087 
10 7 4827
253 1971 3095 3510 2813 379 3667 3415 2570 582 4513 4504 1607 3593 3197 4575 812 
2 8 6033
3475 3459 2663 1876 2570 3191 168 20 5062 1258 
1 6 6197
4020 3553 858 3026 5090 1281 4748 
2 5 4367
2233 4269 2120 403 2064 3884 3574 
4 4 3657
1291 2353 106 1536 3520 1959 1710 3490 
8 4 8727
7653 7984 199 2896 382 8284 5323 6088 1397 6761 1665 3863 
3 8 7713
1571 320 2858 3521 1971 3661 4640 1717 1056 1148 6661 
7 7 7554
1 1360 1543 2143 4579 6005 4179 6242 5334 5064 3612 6234 6924 2436 
3 1 3719
1818 768 2160 1875 
1 3 9812
283 7794 8916 1 
8 9 7190
4157 6966 4889 1944 2166 5620 6572 3893 2860 450 6582 4298 4171 795 6311 5993 6868 
1 8 1469
1347 1320 1416 230 185 506 297 144 750 
2 2 3440
2819 522 114 3187 
4 6 5378
5098 2081 3843 3444 4290 3998 4476 4034 1275 2314 
8 5 2998
1746 2836 766 2003 1438 12 245 2420 846 1715 347 2102 395 
6 3 672
376 605 222 71 327 543 400 661 514 
10 2 6420
5978 3228 2496 3533 2904 723 4361 4087 5531 5751 674 3584 
8 9 2951
1477 177 761 106 2344 458 306 2730 1660 466 710 2581 1589 1218 2925 2049 597 
9 10 6238
4546 2011 2629 353 4964 1635 3552 973 927 2985 5570 724 4645 449 5005 3193 61 830 298 
7 1 951
839 128 268 857 546 603 492 187 
10 1 9479
9455 5784 4842 225 5815 4765 4169 4285 5879 5466 1 
3 10 440
411 165 9 285 275 34 52 46 177 132 394 189 428 
2 2 9415
5587 3749 6180 3115 
4 8 8488
1017 7261 7452 4930 7161 6148 5216 5227 1833 8366 6441 6436 
1 8 8557
6866 8483 8240 934 66 6639 3760 2591 920 
7 2 5777
2553 4004 3794 80 443 437 5062 5744 5171 
3 4 3853
1312 1337 3788 691 3792 30 2375 
8 4 4012
3225 3318 2766 1257 3836 1745 590 3380 2848 1946 2960 3218 
5 7 5173
3903 3965 2840 4141 2665 4959 1024 440 3613 5049 4890 3181 
2 1 2790
972 528 396 
3 8 2935
1290 1658 706 656 1827 1431 1251 1071 635 1812 1421 
1 4 7325
2700 927 183 2912 3622 
1 8 9056
8762 4327 6235 6739 10 8365 235 137 3293 
1 9 6272
2028 4118 552 3209 1296 4279 6226 4796 3311 1281 
3 3 7726
2115 1154 4601 286 5900 709 
6 8 6123
992 5236 6117 2698 3889 5353 1054 4038 4907 5501 3518 265 1391 277 
8 9 8272
4882 5998 3617 4018 953 214 1608 6421 4558 6881 458 8167 2371 3990 4139 2913 1348 
2 2 680
677 470 415 479 
8 3 6622
684 4276 4676 5010 1666 3405 2054 5150 1168 4634 105 
10 5 8021
7373 5870 3644 4717 4296 6660 5420 2997 483 6102 2625 6275 1778 4254 3454 
9 1 9708
8231 3039 6790 6674 7491 1036 2281 1488 2103 8653 
4 7 861
310 807 624 31 595 836 289 654 82 371 355 
6 2 634
490 171 305 109 83 544 89 487 
4 1 6022
5735 5461 3947 1118 3514 
2 4 7485
4092 2822 551 4973 846 2537 
6 5 4883
2068 1785 1009 2296 815 3664 2629 1658 961 2508 3500 
5 2 2973
2279 2021 1809 1065 1910 2512 2772 
8 8 4834
1018 1482 2595 1548 766 1292 4593 45 741 126 3141 3549 556 2776 3854 921 
7 10 4687
668 4285 4438 749 4594 3014 3153 3091 1041 2414 1239 4672 143 2038 2046 2266 2923 
5 4 9834
2330 8557 1546 7992 5826 3359 7979 3260 7070 
4 4 9039
6044 7493 2905 6524 705 3852 3414 2264 
2 4 4606
3002 3888 1271 1077 4400 3769 
8 8 5719
5098 2915 3881 1932 1462 803 936 3092 3257 1785 176 4040 2620 1621 5536 3606 
7 1 7256
1059 6090 863 1569 4578 3020 1665 6877 
3 8 1382
923 107 1309 788 450 242 828 82 987 16 613 
6 8 982
943 862 240 526 97 664 669 414 759 91 157 386 230 736 
3 4 9343
9273 3720 5148 3422 123 8329 7947 
10 1 3709
3337 1527 3303 890 468 1650 3306 329 266 3046 1413 
2 8 4162
3454 2714 640 1114 3666 4048 2007 2839 923 1491 
9 2 4725
4093 2061 2984 4091 48 1906 1803 2723 2742 216 1894 
4 5 140
48 99 57 2 35 35 50 79 126 
7 2 6915
3840 3089 5473 5953 6805 3777 1465 6604 2183 
7 2 2334
1355 259 1343 460 1729 697 537 2170 1886 
1 1 3682
1507 706 
8 2 4853
1438 3236 3203 895 3427 2357 3578 4101 3619 1439 
3 4 7829
5705 3016 550 7500 1468 5848 4674 
2 1 193
119 176 69 
9 3 4817
3802 1768 2624 1314 3365 3584 2453 598 2348 2040 14 544 
9 2 5687
402 1398 4393 4252 2991 1359 5654 5089 485 230 5201 
6 5 2964
1541 798 1917 347 695 434 1289 1994 2779 1334 15 
5 3 3485
1193 641 2613 1065 596 544 1990 1876 
9 6 2572
1362 2223 2032 97 1851 2000 1501 2263 2043 267 1553 2089 2158 747 597 
4 7 7399
7053 1381 7058 6278 6745 2793 3142 236 6396 2728 7298 
5 9 314
309 296 196 35 308 18 144 172 17 101 22 79 91 252 
8 6 8785
5761 1016 2175 7163 3576 8688 1561 7905 8228 6636 6315 2976 7394 5033 
4 3 6253
596 4077 5187 1201 87 1944 4544 
3 2 8020
4062 7688 3324 626 7081 
5 4 1822
176 763 710 1107 286 578 1585 332 1464 
9 5 4134
1877 2299 3550 49 544 1299 321 686 2083 1678 3888 3597 2931 2188 
6 3 64
62 38 61 32 53 54 30 30 49 
6 3 2608
1743 712 326 2006 2323 650 2156 969 1954 
5 8 7267
5922 1870 3330 6721 1969 4248 3062 6821 5339 277 557 6826 3723 
10 10 8717
181 6514 3701 6170 2436 4061 7943 1697 3181 6958 1506 1764 4480 8684 4239 2724 4309 1322 3479 5416 
4 7 8769
7200 3244 2807 2146 173 5440 6740 3837 3332 4969 2246 
9 8 8507
7116 8456 541 5121 4119 356 6530 793 3682 8137 2849 837 3717 463 6890 5616 2176 
9 6 8055
1141 1777 7475 2964 1291 1905 1412 5433 3637 743 1593 4328 6572 1950 7432 
5 9 6038
1559 5432 2525 1399 3331 2110 2650 356 5287 5752 1081 5775 2337 3029 
6 9 6591
2502 805 365 2597 3692 2692 4723 250 4125 531 2003 4472 1188 2757 6320 
3 2 7935
3855 2204 7059 1094 4800 
9 2 4123
1264 1331 3873 2569 2392 1349 1849 2469 2792 2999 28 
4 7 3607
2490 1761 3462 691 2617 1847 1165 2981 3193 3422 3404 
2 4 9994
3266 1271 2392 3077 9689 1951 
8 7 6100
1314 1373 2959 1690 1909 1784 2973 3371 4887 6050 3865 783 293 3728 2950 
2 6 7671
756 5860 7072 3882 4416 1700 3914 3774 
2 9 3472
1270 2415 492 2779 1721 883 1871 2650 2930 628 1420 
1 4 9337
4649 1549 4681 5537 3593 
10 2 7283
5432 1630 6475 5982 1181 88 2285 4923 6536 2278 1218 2828 
6 8 9381
994 486 3970 1552 5677 2744 5783 9086 8168 3926 324 6496 6475 9247 
6 5 4599
1126 73 158 513 836 2164 261 4256 2375 104 3878 
1 6 517
308 162 26 434 502 201 509 
4 7 4037
3416 2745 2067 1542 3839 2957 4031 3968 2344 748 571 
8 3 1651
1447 873 696 1108 1373 1428 739 945 1263 30 977 
8 8 6704
1447 3064 6185 5453 3230 3722 6367 5992 4363 2092 2618 1978 109 5029 2172 6648 
3 5 7128
4357 2933 2788 2375 5262 4275 1660 4173 
6 2 7481
6527 3380 2109 3250 6921 4567 4964 5566 
6 7 5601
4977 190 3661 1289 5339 2427 1096 4206 949 1356 3896 1906 4634 
6 2 8697
832 6463 4585 8108 5591 6959 6118 6738 
3 5 3380
3303 3203 2404 957 975 148 3144 3094 
2 6 7698
4829 230 7474 3008 382 6495 1183 5078 
2 5 514
456 267 452 441 508 343 359 
10 4 8873
39 4724 1379 7135 969 6506 7979 7663 2056 4138 7939 7931 8135 7162 
4 2 2320
2297 2065 531 1774 381 1008 
1 6 1158
803 1123 244 1009 995 927 679 
4 2 4299
2527 4084 1631 1591 446 52 
3 3 5406
4080 863 5215 4481 2438 3528 
6 3 6685
5711 3285 776 1852 4075 478 5254 4683 2335 
1 8 4435
3674 1963 756 622 3093 3879 1295 180 55 
4 3 6231
1154 301 2725 895 4102 2284 2654 
2 5 100
47 87 36 70 1 50 85 
6 6 808
567 430 273 767 275 6 417 326 14 340 637 414 
8 4 3648
3296 2038 2727 1971 2837 448 887 3526 209 77 664 1407 
2 1 2061
1605 762 702 
9 7 2680
1516 2248 2597 1719 754 2534 562 711 101 727 2494 454 1071 1405 1224 2595 
4 5 4732
4190 173 3137 3310 1809 1752 1187 3415 1257 
2 5 7508
1742 5447 6244 1201 3011 2206 1532 
4 3 3071
3014 2277 1529 437 2428 94 311 
10 2 1023
952 603 867 804 226 466 537 80 333 751 198 937 
6 7 7564
3335 3061 2125 344 7040 7310 4753 5090 2044 1697 313 4429 3872 
3 1 7419
7281 4575 4287 4446 
8 3 7078
1981 1948 1274 886 2678 1543 3435 1352 3706 5657 6099 
1 8 5240
5203 4464 805 4376 1105 2195 4211 701 1269 
8 9 8468
6641 3837 582 3736 5128 6742 4067 8203 5334 6507 6832 1804 10 6840 2705 7229 7697 
2 7 3121
2275 2139 1557 2445 1144 465 1538 144 518 
9 9 2365
304 2206 208 1496 1586 1506 2053 1191 1577 1562 1303 1807 1537 100 2168 2035 90 532 
9 8 1499
337 147 551 363 1319 611 915 799 706 1242 230 1455 713 246 2 981 946 
1 2 4462
613 3953 3586 
6 3 4583
4165 3169 1342 2761 3951 3663 4326 1244 2751 
4 5 3711
157 1175 1911 34 1622 3493 2223 1114 2522 
9 4 6214
2769 5320 512 2846 2514 913 4952 4189 985 2744 4350 3293 436 
8 5 7297
6599 395 5631 4273 2391 1678 1551 3433 50 5598 1428 6745 2847 
6 4 8866
5823 1316 923 647 7525 6559 5752 618 6515 4508 
10 3 697
512 506 424 326 542 466 668 372 472 150 303 667 444 
5 6 3203
1026 2257 2783 2041 1282 171 361 2149 834 355 144 
2 2 5138
4630 2188 1778 2517 
10 8 4767
748 2421 83 3366 1477 1656 4438 4584 3563 4239 3105 2319 1270 3360 370 3183 4662 1255 
10 7 1761
1481 43 422 48 435 54 1077 1040 607 1740 1210 298 649 870 1001 727 1586 
1 9 4170
1882 3601 1154 4051 1799 1016 3864 3370 3759 3989 
4 4 261
253 94 177 75 147 94 10 251 
3 8 9410
3063 1333 4499 1469 8132 8368 9375 4357 3190 2167 6939 
5 10 1936
1112 352 511 1208 1665 511 1204 1556 1631 1371 869 1386 1390 85 1591 
1 7 2642
844 2014 1183 2460 561 1992 1632 1130 
2 9 7796
2703 3284 676 7607 5830 4373 4253 3978 317 6263 702 
7 7 8064
6030 5254 5886 3514 1180 1963 5355 1363 7023 843 4267 6416 3145 5611 
1 4 8270
4898 3066 2543 1539 4224 
3 1 2694
2280 721 1896 2640 
7 2 6933
4415 4444 750 4266 139 6167 523 3106 1672 
3 1 4817
4710 1415 3838 3807 
5 5 9604
3036 5560 4160 4314 6962 3479 972 5751 6771 5023 
7 10 7437
4039 1571 5681 4497 644 7049 3824 5512 2952 346 1974 3520 3124 6831 2505 3191 2183 
8 8 3570
945 3548 3123 2903 478 3250 255 593 1783 417 1339 2602 2426 2689 1946 1589 
10 1 7306
1608 1693 2261 481 935 4783 3680 4116 5445 6927 2372 
7 4 157
81 76 64 29 149 13 13 43 89 91 90 
9 8 4902
467 803 868 1848 123 3448 1527 4399 2566 2771 4223 3551 4288 1681 1157 791 2180 
4 6 5096
2828 4599 567 4963 1326 4899 1686 877 1279 1850 
1 4 774
397 162 717 430 577 
5 4 7922
5046 5051 4177 3287 806 6877 914 5407 5507 
8 2 2841
2740 1500 2745 1912 1383 1659 2319 2676 1993 1737 
1 5 9469
3768 1078 4616 1965 8197 5077 
7 2 6414
2288 4674 553 3801 2115 3834 6202 2776 4854 
2 4 6463
6003 5294 6424 6423 5555 2713 
9 4 1929
294 234 1804 116 1020 1804 1295 929 841 1350 1448 419 637 
1 4 2114
1 1183 1579 595 759 
3 5 7029
5056 3787 6395 2684 508 1530 3496 527 
10 2 420
38 327 16 279 72 89 268 135 97 383 20 96 
8 9 2215
1880 1247 1615 1260 656 2090 311 2084 1663 1885 2062 139 2050 773 1292 2135 884 
2 9 5496
4489 1831 2846 2144 1239 2741 814 1140 1791 1805 456 
1 4 4123
3354 2361 552 871 2618 
9 9 5734
5018 5429 5239 1129 1833 1975 5234 5554 4041 1437 3481 4615 3366 5153 1308 1079 3796 3668 
3 4 253
46 110 51 133 90 60 252 
3 6 6704
3267 1340 775 4837 3681 4701 2805 190 6427 
10 8 9478
8177 1277 602 6215 8940 4651 2840 2366 6073 8696 2426 9411 2825 3226 4684 8765 4889 8137 
6 7 9155
6571 1743 3627 8030 4065 566 4758 7146 6739 3931 8491 542 6823 
10 10 2423
33 280 518 428 1389 240 1843 1732 1613 778 2043 365 433 1791 80 507 655 1376 2325 2371 
7 7 8449
3947 3325 738 5688 5860 7693 7830 3415 2480 2593 1582 2679 4049 4487 
8 1 6493
6185 1113 5557 6064 2227 1530 5616 3625 2937 
7 9 1634
327 1412 1435 1525 1306 1151 134 1524 1552 1553 820 516 1314 1118 1427 1453 
4 2 4960
4662 4327 3912 4209 1481 1380 
5 9 7000
3069 1687 484 1993 1592 422 5715 5047 1010 2200 6197 3368 1815 3002 
7 5 7194
791 5121 1782 5161 4583 5342 2998 2162 2370 5634 3074 6230 
6 2 7115
481 7101 5846 4414 1629 37 5412 414 
3 3 5759
5604 3473 1747 1940 1883 4796 
1 3 4891
732 210 3663 3123 
7 8 8025
5537 6896 4428 5645 6854 4095 955 4142 1664 1593 3274 6642 4507 4613 794 
1 1 7712
2190 6783 
10 5 8533
4712 879 4292 3677 6608 5844 1990 1065 7395 2586 1281 233 8259 239 8120 
3 5 6789
1256 5201 2497 929 5637 3050 3886 4990 
9 4 3971
770 2086 2535 3336 631 3434 34 852 2306 2791 1731 3655 918 
10 6 8739
4932 1474 4175 7169 4840 6509 6722 463 6239 697 953 3284 3272 556 7987 7213 
4 3 5878
2617 1961 4131 717 681 188 3413 
5 1 2211
493 438 1582 2173 2109 215 
8 5 3143
1533 2117 1696 1824 2589 1330 1669 565 1714 1035 1702 1274 2853 
2 3 8122
183 5467 998 2787 2587 
4 7 205
59 94 203 160 28 204 34 203 88 47 136 
6 5 5828
3682 2046 5535 1203 2487 2553 2478 1169 3992 4485 5485 
5 3 7509
7225 7292 3504 1896 7469 3113 3047 6709 
3 2 8722
7888 1092 2197 5828 6746 
6 3 2430
2018 377 1782 922 812 2043 641 1362 17 
9 9 2038
1004 1998 45 1258 1202 1761 517 1005 251 285 265 515 422 1468 1019 1882 1802 872 
9 9 6908
4287 4414 6706 6573 6128 649 4524 2913 3472 20 286 3481 945 4908 1610 1589 2623 6767 
7 6 2929
1299 834 302 2162 585 1343 906 2794 1659 226 780 2041 613 
4 9 1347
441 315 1187 1175 1060 458 1330 525 190 1006 1026 977 774 
1 7 2540
149 1820 1728 540 2295 1318 443 620 
9 4 5822
2987 1391 1920 5178 3048 5788 4787 367 1697 1165 2167 1381 905 
6 9 6531
2870 3291 177 19 119 5454 4769 3850 5703 3946 5806 3032 5829 1954 1242 
7 7 604
68 89 592 210 93 473 560 263 580 504 105 495 346 475 
9 2 55
8 54 37 41 39 4 25 28 27 20 44 
9 5 4106
3574 2988 548 1865 2419 3748 1392 1634 3715 3721 1450 914 1756 3647 
4 8 5377
1281 3719 23 312 3356 800 3617 1759 634 3184 2555 3901 
10 7 7874
4337 7735 3010 3072 4644 6938 6919 1209 3345 4181 4034 1144 6124 3649 580 3252 30 
3 3 4880
445 2 382 2474 1343 3870 
10 5 451
278 280 311 107 387 120 188 106 306 119 302 348 442 254 5 
7 3 251
151 13 211 240 139 179 168 166 109 153 
4 1 5544
1873 1339 5126 2682 4013 
4 2 1470
1114 1137 1175 35 461 817 
7 2 5693
915 3971 817 191 3649 2901 3002 4563 2424 
2 8 7108
4861 4758 2213 608 6468 1147 3006 1616 3580 3609 
3 7 938
222 535 923 264 6 860 784 530 645 249 
2 4 8804
4564 4326 200 4067 7334 858 
10 1 666
172 125 496 279 620 81 172 328 205 383 601 
10 7 6457
3493 3317 5018 135 1532 998 524 5915 3386 2384 5455 2137 3284 6184 5373 3349 1667 
9 4 110
3 66 61 73 13 31 86 36 2 5 27 83 88 
9 7 6872
1676 6734 2727 5917 4580 4168 5518 3082 2074 3025 1412 1169 597 6604 210 6473 
5 7 4741
3668 3998 3608 2997 3540 4488 1014 1122 2876 2768 2713 2753 
6 9 9635
6094 3510 9423 681 6582 5702 1345 8252 836 3335 9149 902 7659 558 5022 
8 3 2799
890 2211 1199 1143 2711 445 2746 628 881 130 2258 
4 1 8794
1206 1505 3805 1569 5410 
5 1 3905
3576 1258 2103 682 593 1822 
2 3 5790
1006 1470 3810 2885 1245 
7 7 2594
2564 13 805 2491 1093 2515 440 1382 204 869 1889 1656 2050 691 
3 5 1263
1115 886 247 192 784 871 668 136 
10 8 8295
1501 6890 3914 521 7504 5459 6296 3132 6597 4913 1201 2940 8234 6944 2964 1777 2186 4396 
3 9 6789
4050 5083 867 1544 3731 1441 681 2224 2579 607 3620 433 
2 4 5315
1681 3799 3699 1650 2016 2968 
1 3 2264
500 24 159 164 
10 6 9945
3844 957 9073 8131 2967 7542 5329 3039 3652 107 1314 9821 5347 3320 8512 3781 
6 2 9446
7483 3685 4106 556 662 4398 5364 3275 
6 5 2625
559 497 2259 2078 285 1680 516 1943 553 831 1600 
9 6 222
146 174 179 150 13 207 14 162 155 53 133 167 139 196 94 
4 9 2217
2102 1762 781 930 1381 1661 241 1847 2052 1720 1776 736 2147 
9 10 1708
619 1668 1515 1079 695 879 1225 1256 382 1547 1497 1220 1116 1448 21 1696 676 1178 1406 
1 2 6035
3937 220 2955 
9 2 4781
1095 208 3071 254 3123 2885 4074 1537 2237 1083 16 
9 4 58
25 4 48 25 16 52 13 48 15 6 30 38 40 
9 7 3802
1873 1663 1672 1567 3599 2723 474 480 762 1669 3626 1935 3434 3745 1756 1252 
8 7 2363
1083 347 367 1575 969 1830 1815 160 2102 151 1083 21 802 1428 1029 
5 5 487
123 270 81 197 476 144 373 289 346 320 
3 3 6128
5084 27 5691 1058 3426 4831 
2 1 1563
315 743 114 
1 10 4917
3592 97 3888 1069 1258 3527 212 2735 2863 1163 4799 
6 9 7143
2872 3260 3857 465 1809 1690 414 4744 830 1290 760 819 5243 1494 1724 
5 10 1749
478 946 1224 594 515 842 642 351 798 275 748 374 1370 771 328 
2 3 459
364 152 385 415 46 
8 8 4463
2042 1501 24 146 2567 1268 4115 3433 1177 387 3630 4287 3924 1463 3503 816 
3 6 6020
5031 1104 2975 5971 3871 527 3584 3847 660 
9 7 299
127 125 292 26 63 193 81 168 48 159 12 223 150 274 172 284 
6 8 3570
32 1248 484 854 3366 2080 2947 2627 2262 2679 2271 645 3530 2931 
5 4 3787
847 1951 1453 2071 2357 2713 2973 83 1017 
1 7 6196
3334 4184 3615 4210 4911 3777 5719 2728 
4 4 7302
6426 5190 2019 3845 4283 1637 2891 4310 
1 7 5341
2176 1570 2165 4109 3075 2876 5185 1270 
2 3 1308
1265 403 1297 1212 120 
1 3 4965
1583 984 2347 3821 
2 2 3956
885 1219 1885 2116 
7 3 1011
145 812 98 829 679 976 357 471 271 844 
6 5 1174
170 808 489 220 1109 1004 677 35 1118 461 386 
9 10 4371
2572 1857 2563 4041 4088 2959 2865 3791 263 115 13 1790 3133 575 1587 1553 3869 492 1060 
10 6 3979
256 3073 3170 1423 2528 404 873 2053 3145 3023 1905 124 3395 3741 2638 549 
1 9 4227
3625 1458 1861 1968 2941 1312 3467 1160 3260 1537 
9 1 2369
1846 698 737 1015 1997 1670 1871 382 1434 2083 
10 6 356
130 298 4 29 117 136 77 242 94 330 49 168 246 249 262 311 
9 6 6386
66 1033 3420 490 666 4525 3604 2982 2138 4488 5185 4054 714 932 137 
3 6 6073
3683 4276 5645 457 2980 3384 1215 1033 5198 
8 7 2818
2091 1851 963 2664 793 2501 27 475 802 2649 1525 555 826 2511 2033 
3 2 2409
2273 275 574 1418 757 
6 2 7201
5203 5640 120 2714 3944 2845 763 2512 
9 7 8119
6056 6089 7068 2321 1330 3782 5644 7165 1834 1258 7853 300 2314 6516 1393 6361 
6 3 5784
2009 447 700 480 2081 883 857 166 231 
2 3 4746
1840 3483 297 2680 1485 
7 10 4868
297 4514 4806 3153 1424 3127 2510 3038 638 3109 4481 465 2385 1598 2613 2670 2123 
4 5 3158
2213 470 256 658 843 1149 2610 1091 2528 
2 8 8774
6069 1130 4350 6392 8373 8394 6472 6537 7426 8565 
1 10 8592
6071 4889 5657 634 5247 7403 3630 4685 7874 6425 1151 
10 1 5933
712 1734 1212 2577 5723 3493 2519 5484 4827 1288 85 
4 9 2520
1224 2182 1727 561 1449 1369 1418 1309 834 1931 1741 1495 2116 
1 2 6510
3730 2912 3518 
5 3 6991
4529 505 5453 2769 6701 6033 5319 5142 
10 4 8952
5447 8793 7596 8100 2669 4518 8766 5235 6928 4979 1748 1177 6514 3032 
5 8 8570
6694 8164 821 6123 1136 4636 3885 6894 4615 3786 361 2596 8382 
8 2 2004
693 1698 1360 1217 729 39 684 1917 508 1614 
5 7 8024
3901 6091 1158 2591 6596 583 6119 690 139 3655 7975 1262 
5 4 4338
3537 3509 3704 2197 2503 1769 2223 2266 3221 
1 6 7569
1999 6491 6056 5222 4094 4315 7508 
4 3 9508
1782 5452 5262 3569 8288 1374 2815 
4 7 6504
780 463 6157 3985 5901 5177 1442 1864 6458 6169 657 
6 8 968
317 429 836 214 40 928 630 889 624 675 564 146 329 311 
3 9 5336
2369 2062 2301 512 124 4180 3628 4455 1280 944 3275 333 
8 2 7799
6217 1343 7004 3038 1306 2039 7363 2058 3560 7134 
8 2 6383
3173 3264 2101 137 4873 5220 3585 5722 4110 868 
2 7 6925
4336 4109 6605 6825 1881 2740 4472 3191 1777 
9 9 3458
2732 260 2472 139 2348 3341 2174 481 1614 3394 1325 1521 3421 3332 1016 1956 2902 2920 
3 3 591
559 330 502 11 220 222 
5 10 5866
2799 3325 4817 4556 667 2539 102 374 2501 2491 2949 4103 1788 758 4038 
7 1 712
584 75 639 489 702 357 257 445 
10 5 6055
1580 1914 3551 5647 3566 5100 3883 5904 4468 5321 4545 2206 2550 1246 3966 
9 10 5183
4077 4183 1926 3058 1285 814 2310 4719 972 3247 4692 1023 3317 1016 3504 1466 808 5103 395 
2 4 2319
2030 138 176 2212 663 2290 
4 10 6784
3651 6339 5858 4729 1527 4264 688 2771 1434 2077 4388 5460 1477 5585 
8 9 4929
146 2795 236 4834 3463 1030 2034 4541 3806 4720 1649 4618 4209 448 2289 4527 3493 
3 8 7285
5635 4276 1442 267 309 2509 4095 6231 5671 3066 6188 
1 1 5927
2602 295 
5 2 7827
6960 1380 7039 1434 6087 1009 1251 
7 7 8044
2903 4700 914 5388 5227 1092 1124 3532 5419 631 1134 6423 4166 6106 
9 6 7626
1053 4258 6304 351 4274 1251 7229 2698 2507 2688 5655 358 6627 358 4063 
9 10 8911
2890 7680 532 2248 6133 8869 8633 2188 2606 807 3957 4045 6555 3846 2679 7229 222 684 7331 
6 7 9292
8967 839 6857 8901 6725 6395 1491 2118 8057 7065 3849 6886 7591 
5 6 3250
2157 2231 3238 751 2610 3217 3063 1808 2345 2301 1001 
4 1 7186
5126 1764 4614 6153 5801 
5 2 5856
2446 110 5784 5434 5390 5791 410 
7 5 8812
3191 8262 2666 2120 3585 1741 7510 3811 819 3135 4851 6596 
5 1 4287
1883 2708 975 2522 1172 2634 
9 7 8324
1767 8100 4193 3970 3468 3202 3603 6991 7265 5045 5648 8106 4735 7268 551 3890 
10 6 6794
4251 3182 6454 3182 347 907 4101 4704 2480 2460 1643 2875 6508 2868 5578 734 
1 9 2818
1058 1861 462 2701 97 1364 1396 227 2012 699 
5 3 999
392 576 257 440 55 969 659 13 
1 5 8095
1512 3070 6568 1121 5132 7789 
3 7 1858
715 565 717 1249 38 1557 706 500 1722 1422 
8 2 6804
3921 4677 573 3238 5843 262 4070 2535 2549 2485 
4 9 3386
125 1366 864 2188 394 2025 3136 2991 69 1156 377 1471 1416 
8 3 5280
337 4043 454 4687 2164 192 3845 1000 4378 4130 1112 
8 10 6911
1771 1639 1385 5721 4885 950 306 226 4562 4102 2811 5788 3875 1415 5244 2723 856 3178 
7 1 436
289 74 182 298 326 10 386 162 
9 2 5078
1394 1261 2199 2222 1637 3426 1297 4818 569 2831 2856 
3 6 9793
4258 3397 88 7172 9486 1441 7018 7760 2358 
5 5 9261
787 1746 8210 3660 7107 6885 81 2558 1006 1271 
7 3 8390
3980 1941 1466 7611 1910 3098 1365 7648 1748 7526 
2 10 8306
3504 6966 6047 6844 3352 6838 6775 4172 5113 7692 1399 560 
3 1 4203
2997 342 1534 510 
10 2 8606
5413 8092 8400 3596 1381 3853 1938 1339 7175 4586 4535 1891 
7 8 4916
433 915 2160 1998 391 3572 961 2659 2981 4260 2592 1583 4248 2126 450 
8 6 9011
775 1969 5166 4528 1192 5381 2162 2209 286 3891 270 1374 464 3259 
8 9 8853
1531 1615 915 4430 5944 7946 6436 4663 2283 6971 6803 1679 5894 4338 1214 7704 3244 
5 1 2075
1057 161 2063 703 1756 2071 
6 4 5361
4376 806 2668 1525 3432 698 2402 2673 3567 1927 
2 6 37
20 5 30 32 19 21 28 12 
8 3 669
178 195 257 64 54 541 561 528 554 3 24 
2 4 3800
3169 666 3331 1482 1100 1944 
3 5 4798
1150 3145 168 4641 1530 2584 3804 4464 
9 7 4167
2646 935 1275 1657 2237 1367 3566 4070 396 3903 562 2662 2312 645 262 3522 
5 1 532
390 502 38 205 85 304 
5 1 840
470 484 778 10 638 751 
8 7 1205
1087 1188 805 943 642 219 411 683 843 829 585 1035 85 915 1168 
6 1 369
336 361 25 59 316 37 195 
4 6 6373
3788 4102 3578 781 3480 2174 2170 5290 748 3838 
2 3 3393
2054 193 1415 2738 493 
10 1 7437
4684 1573 4219 5525 348 6243 7381 4223 5030 3114 4356 
5 1 1849
118 743 1094 1623 731 16 
3 1 691
680 532 387 399 
9 9 6086
203 114 2485 3737 5812 3433 3249 604 2538 4337 903 4690 3834 5092 2848 710 2163 476 
10 8 6935
2893 1623 4870 6570 5263 3259 4571 6296 6825 5768 5199 5776 1277 2155 463 813 997 5591 
4 4 3973
2515 1974 2747 209 322 2658 3563 454 
4 2 8786
3107 2730 2767 70 5510 3480 
4 7 7352
5176 6010 7335 1354 889 6428 3679 904 517 1360 877 
2 10 3891
1726 555 1290 3802 1628 3821 2529 660 1690 2708 2852 3558 
1 10 896
548 889 196 876 436 460 12 9 394 495 733 
5 10 7557
2282 6952 4919 2471 6321 6305 183 5125 6027 2771 5690 3023 1507 5808 4281 
9 4 2773
1652 2248 827 2453 2747 49 929 2030 1882 926 1124 37 1524 
6 1 3618
699 850 976 324 2875 1748 429 
9 8 1603
1562 62 400 1368 233 9 900 670 732 1370 475 720 1294 1171 1000 1275 209 
8 3 7617
1249 2819 5707 3935 4860 1091 1324 6496 3232 6567 7605 
5 10 2411
1913 2055 100 2355 1522 494 1096 1640 173 1842 95 1519 1479 422 1542 
8 10 7498
7146 5318 4890 2229 196 243 7047 7475 764 737 7424 1667 4194 5198 2937 1809 2319 3304 
4 3 911
837 266 356 567 256 691 698 
7 2 2153
1614 1615 886 647 1333 83 1445 908 1 
1 2 4503
1930 4206 2571 
7 6 2234
822 1460 1160 1773 609 1184 1230 413 2108 617 1610 355 524 
10 10 6446
2783 3568 3227 1473 5687 3927 3782 4892 5831 4072 5491 5701 3111 5742 2248 5403 2099 447 2886 4008 
2 4 1234
955 432 190 1057 291 7 
5 4 6718
3228 4064 4585 2738 3632 758 6697 5816 2914 
7 10 8495
8479 509 3473 509 8139 3062 2563 3196 2387 5902 6086 5676 2716 2337 2408 2446 4759 
4 6 525
178 100 202 231 206 91 289 123 524 227 
6 5 6095
3714 3105 5573 465 3515 3365 182 4252 3222 2473 1416 
2 5 4868
3008 4031 857 1364 4581 4436 1170 
9 1 7862
6179 2711 3052 4560 1929 4690 5386 2671 1272 308 
3 7 9768
6420 21 6991 8377 1439 908 4513 2740 2996 6528 
9 8 58
22 53 12 56 35 55 55 33 46 32 7 34 51 35 11 51 54 
3 2 3635
894 643 1274 2670 2047 
8 4 2562
1091 1551 909 1821 336 809 2520 993 773 1027 2184 537 
4 2 5684
2733 5554 2876 5407 3274 1200 
1 5 6059
4738 1897 5803 1868 5669 4051 
9 7 6662
3583 5687 5228 6010 6054 6059 193 1096 2581 2535 93 5958 4382 3368 2972 3010 
1 3 70
48 17 58 51 
7 7 3981
3879 144 2700 1981 1762 1883 561 2254 865 3885 567 2822 2159 1530 
1 8 5706
1050 5476 1708 42 4729 3689 954 4374 1859 
4 2 2693
1497 2207 705 1149 2646 2671 
